9
781
1071
3727
8483
10273
12061
12189
12919
13353
13569
14282
14973
15241
16735
17747
18217
18625
19006
20877
21304
22459
22529
22988
23646
23750
25206
25294
25441
25673
25736
25911
26922
27757
27857
28841
28953
29134
29363
29727
30055
30431
32661
33087
34336
34884
35211
35763
37053
37563
38403
38542
40516
41636
42239
43453
43617
44433
45084
45346
46615
46624
47380
47408
48561
49141
50136
50470
50946
52683
52842
53620
57778
58408
59130
60337
60595
61106
61368
63510
63616
63632
63686
63861
64157
65119
66486
67339
67840
69274
70144
70393
70416
70451
73663
73731
75412
77480
77915
78287
79311
80250
83004
83089
83187
83983
84945
85275
86335
86905
88227
88692
89953
91474
92771
93456
94805
96701
97536
97900
98182
98271
99799
103177
103233
103673
104840
104959
105698
107655
107897
109087
109556
109602
110173
111525
112134
112799
112974
114196
115493
116414
117077
117175
118124
118591
120813
121684
122175
122457
122467
123607
123888
124731
124771
125701
126006
128158
128624
128930
129801
130304
131071
131224
131344
132023
132213
132393
132757
133675
134031
134514
134890
134929
135244
136473
138121
138191
138614
140447
140569
141678
141823
142983
146351
147198
148604
149424
149957
150211
151202
151488
152925
153127
154292
154327
154476
154878
155621
155843
155850
157094
159246
159509
160995
161416
164334
165378
167372
167614
167628
168138
168414
168469
168915
171399
172068
172913
173026
173453
173523
175005
175645
178234
178653
180238
180566
180684
180799
182081
182415
182625
182645
183740
184059
184988
185213
185519
187022
187035
188899
189573
190417
192085
193012
195504
195598
198571
198959
199371
199833
200704
201508
203066
203201
204199
204645
205143
208154
208311
209184
210504
211704
213378
214076
214294
215357
215635
215745
216120
216360
217023
217166
217493
217689
219048
219800
219846
220833
222493
222708
224340
224436
224476
224532
224995
226656
226667
226894
228999
229100
229923
230845
231382
231827
231868
232028
234127
235644
236416
238033
238148
238411
238897
239713
240608
241334
241842
241893
242078
243061
244034
244839
245951
247403
248644
248685
248871
249955
250468
251319
251377
251666
251827
253162
253236
254856
255321
255410
255942
256676
256931
257231
257270
257581
257848
259984
260743
261523
262974
262994
263338
263823
264230
265068
266094
266273
269040
269873
270007
270176
270554
270656
272790
272993
273033
273126
273160
275257
276555
279068
279745
279839
280885
283263
287186
287406
287440
287457
287733
287977
288584
288951
289114
289656
290105
291650
291995
292815
293010
293374
293425
294499
295012
295108
295649
295911
297434
297726
297801
297912
298036
298094
299482
299752
300334
301239
301302
301625
303184
303215
304067
304070
304087
304478
306032
308601
309398
309567
310199
310609
312424
312943
313506
314086
314510
315781
316011
317363
318657
319182
319187
320259
320349
320970
322754
323228
323326
323383
323400
323967
324908
325806
327847
329263
329298
329670
329916
331049
333072
334019
334574
335688
336897
337373
338124
338977
339549
339896
340139
340294
340595
340732
341665
342809
344394
344716
344928
346970
347463
347608
348753
348820
350759
351595
351877
352069
352600
353404
353952
354474
354669
354713
355596
355626
356388
356977
357765
359323
359440
359607
361544
362329
362524
362899
363712
365594
365809
366994
368859
369184
369192
369333
369511
370382
370791
371104
372746
373363
374187
374213
375971
376006
376034
376508
377449
378455
378785
380664
381814
382623
383446
383542
386182
387978
389271
389314
391058
391065
391215
393731
394491
396067
396089
398376
398836
398921
399798
400040
401262
401829
402266
402607
402819
403019
403642
403923
405332
406655
407071
407273
407595
407688
408202
408599
410933
412655
414166
414230
414688
415460
416121
419570
419774
419789
420868
421597
421868
421888
422418
423011
423278
424385
425026
426200
427656
427758
427785
429356
430339
430513
430798
431252
433358
434045
434957
435149
435351
435628
436837
436841
437021
437701
438352
438624
439105
439248
440308
441433
441916
442238
442560
442771
443051
444413
444790
444826
445172
445352
446610
446779
447285
447404
447483
447660
447662
448033
449168
449635
451537
451695
451763
453461
453800
455500
455528
455686
457439
458139
460270
460772
461471
462107
462220
462999
463018
463190
464049
464512
466020
466035
466402
466416
466417
466446
466546
466648
466845
467232
470966
472494
474856
474977
475053
475861
476664
478614
478855
480797
483034
483181
483227
483782
486781
487375
488129
489260
489723
489841
491219
492582
493971
494063
494414
497249
498628
498967
500448
501453
501526
501908
502555
502889
504739
505474
506077
506730
506974
507415
508757
511423
512057
512271
512538
513308
514246
515631
517980
518379
519407
520106
520845
521205
521651
521789
522527
523494
523901
523959
525223
525323
525482
526328
526362
526758
527281
527950
531392
531430
531484
531662
532763
533262
533428
535268
537269
538126
538814
538817
539075
539938
540143
540218
540237
540787
542207
542404
542691
543289
543981
544626
545232
545618
546598
547351
548754
549291
549927
550353
551327
551682
552025
552052
552556
552705
553255
554497
555248
555407
556510
556751
557493
558282
559423
559562
560361
561214
561386
561741
562671
563465
564161
564653
565505
565815
566218
566359
567002
567004
567542
568019
568243
568270
568915
569316
571355
571707
571746
572683
573701
574222
575465
575688
575824
576243
576732
576796
577938
578085
578728
579764
580182
581166
583200
583336
585846
586913
587077
587109
588821
590051
590650
590661
591432
591794
592264
593416
593579
593787
594123
594184
594524
595278
596706
596832
597821
597946
597999
598521
598592
601215
602412
603527
604241
604454
605757
606166
606853
607300
608389
608600
609771
610037
610067
610717
611113
613138
613327
613538
613850
614238
614376
614718
614786
615066
615296
615415
615800
616625
616699
617607
618683
618972
619255
619280
619664
620319
621354
622225
622741
623982
624527
624761
626989
628638
628885
629239
629385
629419
631117
632908
634885
636002
637556
639463
639998
642606
642807
642871
642905
643372
644269
645715
647445
648794
649557
650150
650543
652543
653566
654283
654682
655889
656346
657019
657389
657486
660353
660743
661487
662486
662766
664494
665541
665909
666339
668036
668667
670807
671424
671956
673329
674813
674908
675607
677014
677208
678512
679653
679925
680091
682095
683669
683721
683940
684378
684962
685062
685629
685896
686565
686777
687077
688463
689013
689201
690640
690822
690837
691510
693567
695302
696864
697521
697542
697915
698304
699281
699404
700335
700637
701177
701515
701873
701937
701954
701999
703775
706185
706638
707086
708786
709050
710054
710093
712160
712323
712734
713413
713748
714838
714878
715297
715325
716910
717055
717149
718346
718532
719129
719673
720679
721923
722330
722482
722918
724138
724680
725158
725648
725737
725891
726831
727330
727538
727631
728907
729201
729594
729702
731181
731461
734319
734487
734850
735195
736368
739700
739991
741380
742236
745180
745718
746742
746780
748540
748552
749236
751861
753083
753847
754236
754441
755685
756749
757188
757335
757528
757726
757893
759760
760340
760522
760557
762353
762658
763796
763882
764596
764653
764824
764890
765843
766787
767664
768090
768852
769529
769548
769576
770083
770545
772652
772765
772943
775135
775824
779127
780141
780887
781154
781862
783029
783749
784895
785064
785407
785829
785864
786250
786666
787375
787461
787863
789868
790856
791020
791307
791620
792326
793223
793243
793901
793940
795331
795500
797317
797404
797431
797513
798158
798196
799011
800175
801339
802351
802362
802535
803251
805510
806485
807693
808819
810233
810665
811429
811934
812006
812145
812157
812678
813108
813605
813980
815243
816641
816730
817640
818462
818494
818827
825735
827220
827271
827948
828373
828686
829289
830084
830234
830378
831048
831312
832611
834608
835339
835771
836891
837030
837878
839317
839435
839648
839881
841707
842269
842522
842708
843486
843681
843761
844177
844329
844537
845439
845822
846330
846780
847425
848272
848301
848334
848790
849154
850171
851239
851910
853169
853406
853488
855270
856111
856166
856914
857861
857954
859009
859271
859317
859887
861899
862023
862767
862909
863258
865679
865884
866043
866337
867898
868023
869141
869709
871466
871615
873168
875296
875378
875932
876694
877228
877439
877827
877933
878175
878951
879319
881973
882712
885773
886235
886560
886815
887552
888053
890452
892322
893150
893285
893486
894173
895899
897839
898210
898625
900348
901864
901890
902031
902170
904207
904287
904741
905877
906304
907088
907248
907471
909180
909868
910047
910352
910781
911183
911229
912342
913400
913633
914210
914557
914852
915506
916753
916989
918027
918056
919106
919208
919601
920858
921325
921343
922301
922719
923236
924123
925056
926131
926370
928687
930008
930361
932235
932573
933877
934128
935459
936426
936566
936987
937123
937131
937754
937792
937976
938018
938742
938937
939465
939592
939616
941856
942285
942338
942367
942491
942985
943922
944643
944805
945363
945536
946421
947188
947382
947449
948092
948298
948813
949398
949809
950269
951098
952251
952717
953514
954528
954609
955257
957273
958233
959280
960483
960607
960804
961058
961593
961856
961877
962628
966520
967703
968605
968767
968805
969361
970079
970440
970878
971230
972038
972819
973437
975228
975240
976274
976641
977356
977411
977560
978503
978648
978774
979066
979233
979400
980087
980688
981975
982188
982541
982857
983550
984022
984359
985849
986283
987371
987994
989198
990161
990739
991635
993219
995241
995487
995971
997222
